 44455114454444444777411441444444477
 64565667655555667676666476665666756
 77777775757777777777777777667777777
 77767565657765757675766677576565656
 66666666656665666666676666566655565
 67555666555555575656577656556256555
 66566666555665666766655676566566766
 56777777737755577777757545557565675
 47355222255555565655532552345445455
 55555555315555555555535531555555555
 67777666616666667666676666666666666
 66666565526666523655556653566565565
 57577121157666756466541561444547566
 44444444756446447777777777474644444
 32113675655765523257733231255556566
 45466434354554556544456465543455564
 34345343353543344444543444353354333
 55555131354553544567731311535325534
 77617777751555775712616671563461476
 47454262555554644146312111536226467
 47744424454444447144446267444444444
 55234361157747164677213123514126742
 46555665456677752112347112766666375
 22613663214223631642635212246335146
 52456553251451134464243344533515565
 66555255246556655666656552565565555
 51111243353222322255533311633366755
 56567666556665566556755662655656566
 36555242154333332222211111434334444
 67467476736776726556745665664673362
 56412556516344464574543121644545674
 57375716556441661644676751666644663
 16674614456624223726762614261326444
 67777666646666667777656665666667667
 16554436552442214533514111444431111
 15244544451333112211121111111114422
 55355554354553455555455555555324365
 24232111144654541435445141421155555
 32222111146336344441131115114116666
 27671213115553145114615111516123555
 66567567755756767567675675673456753
 61111311654534544546656146663735555
 77675526757676573765757775767577656
 56266223356536126237312161523666265
 32222111152533322222533331255516345
 45353322214424435523342222221233335
 66666666653363666666666665664666666
 26646643344154464664644551445646666
 56455555556545525455514441545455555
 45555364554434455554445441555555444
 24533355533555534555511321225225554
 26466352256635535325535234556644536
 55523222255555555656532444556525555
 12711551445355665733611513514455545
 46455444455445555544445443444445665
 67667162254316556775531631555556546
 65666366656764624642611211441545567
 75555677757677777766655776777766666
 36353333343553656553515623225335571
 66557567656467567676665755467665674
 44135171111111411761116111111111413
 56565565655556565666566662576656767
 44544555554544433444453532444444444
 14464575655454475555541441662665555
 41533151552111611111411111525146567
 17174111157777777771711111777777177
 65654556546626615555526221563556555
 77777777757137771177711322637267765
 27757222256666622566666666225526655
 56355333345335555555551533665555665
 36566573555715557765531641654654554
 11111111111111111111712111111115111
 65155646543233665675423324646665767
 21111343421661233333445322633345443
 45554341256514513443356461554447556
 16211332325434224233333422344434231
 27655262254445245454452111164217567
 45311242444212421317234131433144433
 57777553355355333553355552555755575
 44565655644335632134462655123315655
 33331352324225245443532121671765654
 76353242223545654655656222654365564
 16744675524753256734645343674321651
 74744437757774777777771771777377773
 75545534626543235345655574536452656
 45345161116236426336722611161146222
 34544555553553335224355554555533555
 36666333544666466477554464333536667
 66576566556666677567576673675575765
 22223262256266666666446662666266466
 77777777757667676656766764754667777
 66655666655655654544454441665465565
 44321131114434423133345121131514444
 65665453256676665366636211666665475
 64323244456656654664533442352545556
 77777455536666777777777773777777777
 64747442254674477776677677166677777
 67377335657667552666677663555356655
 77777777757777777777777777477477777
 35653355346366456456666367563355454
 66566555655535545326546552565654556
 77676336656777766667666375666666566
 55555555555555557555577777755556577
 13435555511651111311643555222225332
 54566424352242242232653257463424334
 56656453456765553534647565776665434
 67577333255556665555566567556555566
 77212762557576776543726657677277465
 22111666654645344523256556565454445
 54544534555556622222254466454545444
 66646222155635675776456543673457676
 64222265455645365664441141636366666
 67777666656656666665666466666666666
 17656221145562234224623151656454436
 46646121156636645544334451765665455
 54645545556566555346456563565656545
 57566555555676655556577665666666666
 56666444454566555445465775575765545
 46444544345465535534456454664555445
 44254242454554544545355554455555555
 65465211154652565766644231562455647
 44224233355552234334555353554555554
 64666333255663563775667772566666676
 56646334345555455455455654353335465
 77777467757577545666555773573565557
 34455221254454346645545564555554435
 65556425155564645646545674264356645
 67766544556776677566657675353336746
 76736567316567365757665573636257653
 55555415356666544556555775666665457
 55546324356657524434353653254345645
 56645645656567454567656776445456776
 54236565555436353256625453451336515
 64244554655565566666646565554555555
 55546645556456755674666665676665464
 62223565357677735635667674577763455
 55555555445555551111555555554555555
 44534333454554546456356676464655554
 55544455434554544334355554554453334
 66667125446456562565627666555266665
 66155666656677652767766663266626555
 57277117251772777777423251723175447
 67776467656776777777777777777777677
 66265545657666655456555456577755546
 47666554545553465635445552525556665
 55555656555564566665555556555555665
 23222131152772265662166474567667277
 57657656556756565675655576566566576
 51111445345545555455555555455456564
 65335353354564556665555357665566666
 65535656556645675676543667566567667
 66666666646666666666654666555556656
 55555555545555555555454554355445545
 22244334455555622225523552365556575
 55353555555455555555565555455545555
 45454555344453433344533334555555554
 54554444355435554443555454555555555
 44444444224444453533544464444444444
 75532333225555553333553363355554465
 77577551577553555455577777654564555
 66555142455345445535313576251326546
 66554453555546655565657554546556665
 66666112226162266662666666666266662
 67666222276567646226777777272265444
 67766556656556757756567555555665777
 77525211374156265215147566162661564
 15111111177757177777716171677777777
 11311343261416155624454457446464422
 76765556555337366776667665567755446
 54522141363566646527737271226545527
 55612432257775555353555111551155657
 45555333355555533533555552555555555
 77657667667566767755665667755665675
 66655662274415573664657444563456454
 66444335165555455444444545444435544
 47565644566366575535767777664453457
 56555555555555556555566662555555555
 42411141113131411111412141131132215
 36465122224342333221324662565552245
 66466353375557435565767665665355555
 55444444466666644555646444433366666
 55565555555555555755756575555555575
 67565655566556655665766666555566656
 71261117667455575555526627663577226
 51222223252365524522523555565556256
 77377456277577657747376177777773233
 74464224477774763457647777464444446
 43322556445553354553677777353545331
 67777756776537765765777763562477651
 66656565566365645666665655656666555
 56666554546666665655675564162316655
 67767656666666666665666666666665656
 55567546765465756756456567555465167
 52117715752437212466775636535543256
 73111131171314546776544111145125176
 65356543357564535637666567667755456
 66664656454566565666657552661555666
 77777552777777777777747477777777777
 75676765676676776766775677775667677
 35343556656555446334745674443335454
 55343467666755415755467777777775556
 14444111214441111111313171111114444
 56443353456556756455435333555555567
 44122432155335334435454554554553354
 64444574467777437744665774447546656
 36666555311113311115656666171175566
 77777353534674763455577777663765545
 66556554467566555444677777666766556
 77666454576667777677457576777777676
 65335555536351174565546435265664455
 57756666555555654445666674665665566
 45454443444445544446456444444545445
 76667566676567757756666666666565656
 54626656577755556665562155777755555
 75777222677777755777776556777777677
 32222133133333333333455435453553375
 41626222255255344443566545333445454
 76666666676666666766667676565676666
 76676767756665576676777776672757667
 35642272552153125625267354524223625
 55555555555555555555577777555255555
 47666554554554556555766665555635545
 65567111155555555555555555555555555
 35326365665435656465746245563427662
 33323242366427634522665465574653334
 14243133756362437314716732714343137
 55556675555355475555557754563656665
 56554455555555535555554555223355545
 65535456355365363336555553565355556
 76777566655777567655766655777777755
 77777555577777777777777777177777717
 65545445566665655564555555544555556
 54444555555566476765367774331155556
 52111553566676565556666776543555635
 66321236265326265662567675526166267
 46222424423632123253757465666664455
 76575444567655655666666675656666667
 51121233456445545765455567445446655
 34444544455555345515477777454557667
 66666666666666666777677777666667776
 54532143344445533551655512451344556
 25555353165557663326737774675467566
 57665553566566653556656675576665566
 77566166357465466665677655777457665
 24644212646262266662646666666266662
 55455345355454455754547652554455545
 74347747774776773754417373777677777
 77777575747777477555757776777777777
 75766464471147577744777777671674445
 77777677777777777777567677667767776
 77577666622242255755545771667666556
 66655574565447665555757555663765554
 44544111144665444444444334666664434
 67777454262626666666666677467667667
 65566555566656565655665666566555665
 22222222226772226622256622242444427
 57577544464737766665667467771276557
 44533444355445443644544332553554455
 44444334235233333335534555344433355
 11113121115431311111311111213111116
 16232111116661111111155661117366127
 41221131134543327224645772772772242
 64626666656666546676646663266665666
 26665251245664225224767666254425445
 44544566636655443544566677664465555
 44344454344464444446357544354444335
 77666566567777765767777777777777767
 32222121166666525326536221555551225
 54422361171114532415426324221163644
 55322221156666554553656774554555456
 77255111162226633332767777677715567
 67466244144544544634566656462565556
 44432251256454534444547573474345547
 63343213333353511521235362111154445
 22222232225262523633637232252275626
 35553555553566221726535352553336555
 56665553565565555555566676554565555
 45335373336123454223555342333336456
 27772261126662322676766777666661627
 12411111121212114234447551241144444
 55757566666666646755556574454665746
 23121221266256243633525272221225331
 22311572547672147751537177241147666
 55555474142355446477757667661656655
 47667454276667445676675567443454365
 77657331233676753312146763433367654
 44344123455525343326646266554654345
 77657556656776756675657675677577676
 66566432666766676476555556656556576
 67444544365557563766653776341447777
 57666656557676545556677777466655666
 53333736655525263555677673233326355
 42434555656675543333634454566656477
 64445474257676444445466664451544544
 23422121157575323111554632667566257
 77777777777777777777777777777777777
 76767657376767677676757767767567675
 75556635366666666766677776666666666
 67777655777777744777477777777777675
 47263566466656666654625632222664366
 67665666666566645546667777561466656
 55566544556555444554566654445555556
 54422244345565443433446224566645555
 75555377767677766677765577675777776
 77777667776677776776777777771777777
 31442531513361445345545376441463366
 77777171177777767777776621777777777
 42224442477774727777734777441142222
 11434735627666336377544774311145564
 52365453552555566665456565555555566
 77777222277727777777727772777777777
 77777777777477476777777777774777577
 54436333367366566645577657772374466
 26363756755673331567746372453446565
 37666563635553266556566666666666666
 56544343275544554445554466554555555
 56555541165546544545557664665655556
 47177111117561111711577777363337177
 67555232355456767676226364355567655
 55555556655555555755555546555555555
 53333555555555556765577777555557755
 46644222225562424225556646255555567
 77777666677777775776777775777776677
 75554142257776745456757275674766666
 75565574275556555656677677557556566
 47777554567777734445556776666655554
 43333433366666616431476666665665356
 41644433366646654554566667464466666
 43332755655665432322446353445455367
 64666567777777755775265764561747777
 11421221366364236212536361114134265
 44444121177177356445375773471477347
 66656554466555565575665254664665656
 45255152125252255625626676151265567
 77624444477177774272777477242457777
 26766333257363332731637673333666677
 12222351262226135333644665664662255
 33666211173517677225153666353333656
 56455253264555566666666776455555555
 26766463366634446233767777353336466
 75645255556664565755726664565555767
 27666664246665525424577677574654223
 54234212155445543211747113771664444
 33332432366666224423125234545554546
 77777152237772277727777272277277551
 74444331177777745554726371666666347
 56756565566767665664765777777775566
 64644767776466556767777777676477666
 66666362666555554662655464666666666
 57567511366576565667556677567465465
 65255455434255754452376662562565546
 46666666666566456566467776666665656
 77677775766236773677567776771136667
 55555555555756555765557555555555575
 35522333655333332666715111633355566
 66666555566666666666655377526255534
 46745121162456146315675777554255266
 77777777777777766666676777776777777
 77777757677777676653716311773777677
 56566152451346535566775777574555545
 14111667611112631446666777341145525
 13734311251216143122126151551312154
 55555455555556454556556555665557766
 22222242227472242274772772272474577
 14333153355544133333333223313134344
 77777353573445656736576677675666665
 65555424667676666665576676667676656
 11744342253265256444567775461565445
 23322365325553323353445333333335563
 42321152444443336443425451425555556
 47377555555555567666656756555555565
 45565555555555535655537565555666565
 55555555555555555555555555555555555
 36565111156263362216556353766553236
 55555556655656555555567777255555555
 56424111165555665533456665655566666
 66666665655556646666676666666566666
 33433343246454344231434334444553244
 63332556554565566555566665555665565
 76235565356777736771753771655555555
 57767142235445465653666664444576645
 65535355552245556656456555552555545
 56767556555555555675655666556653355
 52723567445764454433655553775666774
 21111366676666631126662221555551253
 44214222267454332212225655663342244
 24344324222263221122777527661354417
 46653321256765556224756655362265556
 44444222243574446677415661111115474
 52322232255555555555554543555555465
 55555222235243476555577776665326655
 16622344267666122224555534221214557
 24322121223134221112335774121435244
 77757777757552577777777777577577577
 36666552466655324526666563665662255
 55555252266556666666555255666656666
 24121666556666212111125551541244423
 45544251243344425224435251144443326
 65665665566556655566665777554555565
 46566443346344345444564665553454456
 56666666664456554454655776556766566
 56554344366556545553557765562654555
 77566756577777762765477772776376676
 36323351155555333333515353555555543
 56655222265656465665766665456346656
 76655665576557665666665663566656667
 24644445556664426224444473474446366
 31633331417623413542435411121433435
 47776125577777755755666666664666666
 64434343354546544225445554454542344
 47446442344454543551747131461445556
 64543545336555555756735665355345555
 56664425246444466677444324332344466
 12112121521113514611754122141617454
 66566533576556753756756367675655635
 44421241444343334545546264113115666
 53655534563556355633376777553366665
 77777262276767726762677777555556666
 66756555477555666667566577676665566
 53443555555555553233666664544256556
 24111121324354332425312111332175466
 43221131145665333331711642113245455
 75535336366536565355427354363354545
 47445442265446543523556544666364336
 67667574445564445553447774544456556
 54543352453345565667346271555655445
 66665555756566757656675755363335676
 55655666466555566656565666555455555
 66664111266166666624366355332354566
 24423222226372524734447442344344343
 25644221225653335215636534253515365
 22423231234222332122212121111114252
 46566354464666423444555753554556566
 44343355655344434741656632666673136
 36566575556455332666676775351154546
 25555252222222222277777777252223321
 45563666666666445245577666553553444
 47755555355566332664656443677657667
 65555221166566256446422111215565455
 77677212322142672421266776777667227
 52512555355251265555535352555555555
 55455242165555555535465664565555555
 76777775677777732633377777667764546
 77767555565777777766747665446645555
 77777666747674664666667777474777767
 42322231336333244352555672463464346
 55265562755677165776776577641256656
 42222272264446444411211111664462333
 15666575546455456666666775666335465
 66223333366665623526622556336166526
 45665243224243232323557555662566566
 55667363455565725442455572754464445
 65545654556566554455666666554555565
 16442211131222116115725461114161166
 77667654567457657667777754752645676
 61117353353454454675577777775766664
 54654565276446116211756557116115676
 36546753776667236722555112776677774
 53532565556665555755667775533566666
 34444565544456545533667775553555346
 66755576746354644767466774114123314
 66345345465345654546565554473455465
 27654111165656212123243667231225566
 14323233341511134626475773441463665
 76746775776167577767767452744766647
 77331141246763434757735174434474443
 74433777777775765777477775467455556
 35565656655553632572257777553555525
 47555355555555555555555555555555555
 57455453355565525545546773455545556
 44632765777467557321644474467765777
 37365762656565565763676775551366656
 11111711154435544675554675662563346
 55444111253335535444535774231264445
 45324121134444433333533434111116557
 45545352331165225565665466456234546
 66566655567666566555677777777776767
 56736777757677477674754771171116667
 75544111163536664765556564673564666
 67555333575555511555541556551155655
 11111111111111111111111111111111111
 65445657466667655545456557563666554
 42233242263545455543545322412256546
 42444666764566343432335661254244455
 63333466366666666633666661666666666
 11111222117771147525717222112235554
 55444575567337455555577477776372337
 14544421114452114236656675552356656
 75556746565556633663566765664563446
 56365561356356554322673523231162332
 32111361542116613421654674172446676
 67644646477676646471677777477776664
 42274665524632224344736772443147547
 52222353356566653655735675355355556
 44444464467666647777646462666664344
 41611573364356363233365574777774336
 36122121154132111111427772666761116
 43333453355445545555454666553565546
 65322556566556644554666767655562437
 76556626575537266775626652553635635
 36314121155635311321513162122121156
 56735111145653667656456441656767565
 66545544356365512111246321561363165
 23322445113312123333424111334333316
 57577351376667625755513331555553555
 55534555555355315525556764443444454
 24354113446442412242514412445152264
 64443666756565566666656666665556666
 54531675575666455545447644574774445
 65555555664555463573767777677576357
 44244432125622121111535652141243232
 22222442145555444343555562464454546
 16666655366656264556666666631266666
 77766252676666757676655666662666667
 66655224456565564566755646666656666
 23224131155532224312617151151451113
 57161654777746326665756773446364416
 66666642544344322732647341771764436
 32424444454554445434556555453455455
 73235523425352321332536763221223244
 24245252261164545556656667555554546
 34443443234343332434424443444544444
 46665563424552455456646654554466666
 33432454335643113347756773553553424
 27222362267666226662565562316132226
 67557363365666653635766777366655556
 67555666666667776666667777553555556
 54553454356665557777766774774776656
 15256134114544155422445653554565555
 32222221144554433244456672446565467
 35666655677553357776677674565656615
 51111555555555325552555556151515575
 77777646367667756543677775562757766
 55625555266555566325666565552336665
 77777677766567547767767477777666777
 77277677567676677677757775677276676
 27242671461336121322525422214711216
 66622222266666645655666667556557766
 25233563255666654555656556555556235
 47155111161127133771457564164671217
 21111244533333373555266556114157772
 67577777767565666666566667665667777
 37777124114241122236776767464646777
 27666222266666211111667116166116166
 67777766667676666676627777111676667
 44443444412241144366611111265236633
 67677564666665556676677675556747776
 77777667766657622267666777777766576
 67777555575567555666557777575675566
 44422221177677456635667674441446544
 66522262264166722111425354664335436
 77777564567666767767567776655467677
 27776121155555256777516762554556552
 74444555566666666666656776113166666
 66666666246664666666666662666644464
 54322262466566454644766443354544445
 47544151355145317713555473561154545
 56666222166555434545566775553455545
 16375221122222212511657373556413326
 44444164345655411515457774361136656
 77777452256765465677777777771757677
 57555555526252565525555755555555555
 47545455655665444555556767451444464
 44344662275657463577777652664667675
 65432543166347535723657777341261146
 47542222263336511111465665341156545
 56665321132226223622725553333333335
 44442231147674416774577672774565567
 77676121177577611711717777777774417
 47665354466556412433416661344441214
 45555453255455445444555554454445455
 56556555276566566756557666355365656
 65666151264576633443236171776776557
 55535222255545225423556575663553555
 37666161145554322222677572556356666
 55565111166556544444446454551554454
 57777162156666536656723777565655634
 46666222233433514424455554461145555
 57122353366576526372527153353242156
 26522651166465511773624112445632214
 75567456666666666666677776666666565
 45644443257525535646667566246424565
 66666555566666656555555565666666666
 67455642644466446464666664255454464
 55655241157344425422655555251122216
 64334766666556666666666666665666656